0,000	28,314	28,176
0,167	28,846	28,177
0,333	28,673	28,182
0,500	27,844	28,191
0,667	27,453	28,204
0,833	27,940	28,214
1,000	27,490	28,219
1,167	27,656	28,216
1,333	28,990	28,204
1,500	28,551	28,187
1,667	28,350	28,172
1,833	27,763	28,161
2,000	27,147	28,152
2,167	27,585	28,140
2,333	27,924	28,123
2,500	27,333	28,099
2,667	26,967	28,069
2,833	28,117	28,031
3,000	28,771	27,988
3,167	28,853	27,947
3,333	28,909	27,916
3,500	27,283	27,899
3,667	29,026	27,896
3,833	28,036	27,904
4,000	27,785	27,923
4,167	27,349	27,947
4,333	28,347	27,972
4,500	28,968	27,995
4,667	28,323	28,020
4,833	28,424	28,047
5,000	28,066	28,078
5,167	28,256	28,110
5,333	29,144	28,142
5,500	28,822	28,175
5,667	28,541	28,213
5,833	28,967	28,254
6,000	27,540	28,299
6,167	26,912	28,340
6,333	27,139	28,370
6,500	28,475	28,383
6,667	28,015	28,378
6,833	28,527	28,360
7,000	28,846	28,335
7,167	28,501	28,308
7,333	28,507	28,285
7,500	27,483	28,267
7,667	28,573	28,252
7,833	28,750	28,240
8,000	27,223	28,231
8,167	27,975	28,224
8,333	26,961	28,214
8,500	28,502	28,198
8,667	28,181	28,176
8,833	28,666	28,152
9,000	27,542	28,130
9,167	28,442	28,110
9,333	27,205	28,093
9,500	28,660	28,077
9,667	27,927	28,062
9,833	28,611	28,049
10,000	28,978	28,042
10,167	28,968	28,045
10,333	28,197	28,058
10,500	28,397	28,083
10,667	27,732	28,115
10,833	27,647	28,149
11,000	28,937	28,180
11,167	28,209	28,208
11,333	28,878	28,233
11,500	29,080	28,259
11,667	26,892	28,285
11,833	27,775	28,309
12,000	28,659	28,325
12,167	26,867	28,332
12,333	28,385	28,328
12,500	28,629	28,314
12,667	27,306	28,293
12,833	29,055	28,268
13,000	27,072	28,241
13,167	27,940	28,212
13,333	28,434	28,181
13,500	29,067	28,150
13,667	26,889	28,124
13,833	28,164	28,102
14,000	26,763	28,080
14,167	28,466	28,056
14,333	28,988	28,031
14,500	28,700	28,010
14,667	28,134	27,998
14,833	28,302	27,997
15,000	28,636	28,005
15,167	28,297	28,023
15,333	28,473	28,047
15,500	28,935	28,079
15,667	29,216	28,117
15,833	28,373	28,164
16,000	28,486	28,217
16,167	28,676	28,274
16,333	28,244	28,331
16,500	28,648	28,385
16,667	26,954	28,433
16,833	27,287	28,469
17,000	27,756	28,487
17,167	27,903	28,484
17,333	26,712	28,460
17,500	28,415	28,418
17,667	28,707	28,362
17,833	28,992	28,300
18,000	28,420	28,242
18,167	28,435	28,193
18,333	28,021	28,157
18,500	28,605	28,131
18,667	27,091	28,115
18,833	27,983	28,104
19,000	28,693	28,096
19,167	28,651	28,091
19,333	27,284	28,090
19,500	28,969	28,093
19,667	28,012	28,099
19,833	26,766	28,107
20,000	27,964	28,112
20,167	28,531	28,111
20,333	26,662	28,104
20,500	28,319	28,091
20,667	26,904	28,071
20,833	28,673	28,044
21,000	28,868	28,014
21,167	28,410	27,988
21,333	28,777	27,971
21,500	27,662	27,965
21,667	28,346	27,969
21,833	28,854	27,982
22,000	27,005	28,001
22,167	28,281	28,023
22,333	27,482	28,045
22,500	28,025	28,062
22,667	28,978	28,074
22,833	28,238	28,085
23,000	28,648	28,097
23,167	26,856	28,111
23,333	26,395	28,122
23,500	28,284	28,121
23,667	27,552	28,108
23,833	28,685	28,085
24,000	27,392	28,057
24,167	28,463	28,027
24,333	28,511	27,998
24,500	26,537	27,973
24,667	28,519	27,951
24,833	28,768	27,931
25,000	28,857	27,917
25,167	28,862	27,914
25,333	27,119	27,925
25,500	27,964	27,945
25,667	29,150	27,970
25,833	28,397	27,999
26,000	28,632	28,033
26,167	27,789	28,072
26,333	27,382	28,113
26,500	28,654	28,149
26,667	28,443	28,180
26,833	28,296	28,206
27,000	26,429	28,226
27,167	28,363	28,238
27,333	27,968	28,238
27,500	28,565	28,228
27,667	26,486	28,211
27,833	27,469	28,186
28,000	28,970	28,152
28,167	27,714	28,112
28,333	26,568	28,070
28,500	29,099	28,027
28,667	28,453	27,985
28,833	27,870	27,949
29,000	29,247	27,923
29,167	28,728	27,911
29,333	29,113	27,915
29,500	27,228	27,936
29,667	28,874	27,970
29,833	27,082	28,011
30,000	26,751	28,051
30,167	28,223	28,083
30,333	28,556	28,103
30,500	28,655	28,115
30,667	27,404	28,123
30,833	28,465	28,128
31,000	28,627	28,131
31,167	28,266	28,134
31,333	28,426	28,139
31,500	29,026	28,147
31,667	28,632	28,161
31,833	27,266	28,181
32,000	26,756	28,202
32,167	28,397	28,215
32,333	26,485	28,217
32,500	28,722	28,206
32,667	28,567	28,184
32,833	28,803	28,158
33,000	28,861	28,135
33,167	28,328	28,121
33,333	27,083	28,115
33,500	28,196	28,114
33,667	28,873	28,114
33,833	29,333	28,118
34,000	27,556	28,129
34,167	28,874	28,147
34,333	28,245	28,169
34,500	28,457	28,196
34,667	26,608	28,223
34,833	29,395	28,246
35,000	28,181	28,264
35,167	28,635	28,278
35,333	28,782	28,292
35,500	28,691	28,306
35,667	28,781	28,324
35,833	26,935	28,344
36,000	28,185	28,362
36,167	25,920	28,370
36,333	28,374	28,363
36,500	27,301	28,338
36,667	26,060	28,296
36,833	28,321	28,236
37,000	27,184	28,162
37,167	28,983	28,079
37,333	28,506	27,996
37,500	28,468	27,924
37,667	27,608	27,867
37,833	28,886	27,826
38,000	28,611	27,803
38,167	26,684	27,797
38,333	29,063	27,804
38,500	28,343	27,820
38,667	28,924	27,847
38,833	26,837	27,883
39,000	29,181	27,925
39,167	27,401	27,969
39,333	28,700	28,012
39,500	29,127	28,054
39,667	27,714	28,097
39,833	28,476	28,140
40,000	28,698	28,181
40,167	29,043	28,221
40,333	26,588	28,260
40,500	28,860	28,294
40,667	26,691	28,319
40,833	25,737	28,328
41,000	28,354	28,316
41,167	26,481	28,279
41,333	28,798	28,222
41,500	28,542	28,153
41,667	26,682	28,081
41,833	26,853	28,008
42,000	26,634	27,933
42,167	28,870	27,853
42,333	28,453	27,775
42,500	28,583	27,708
42,667	27,407	27,659
42,833	28,491	27,627
43,000	25,928	27,611
43,167	28,048	27,604
43,333	28,494	27,602
43,500	27,195	27,604
43,667	28,124	27,612
43,833	28,389	27,625
44,000	28,942	27,644
44,167	28,319	27,674
44,333	28,835	27,715
44,500	27,219	27,766
44,667	27,177	27,823
44,833	28,872	27,877
45,000	28,596	27,927
45,167	28,651	27,975
45,333	28,452	28,024
45,500	27,990	28,073
45,667	28,519	28,121
45,833	28,161	28,167
46,000	26,936	28,207
46,167	29,413	28,238
46,333	26,377	28,259
46,500	29,069	28,270
46,667	28,883	28,272
46,833	28,864	28,271
47,000	26,045	28,269
47,167	29,135	28,264
47,333	28,644	28,255
47,500	29,379	28,246
47,667	25,988	28,241
47,833	28,470	28,236
48,000	28,411	28,227
48,167	29,063	28,215
48,333	28,935	28,208
48,500	27,807	28,207
48,667	29,071	28,213
48,833	27,232	28,225
49,000	26,339	28,236
49,167	28,768	28,241
49,333	29,179	28,235
49,500	26,781	28,226
49,667	26,276	28,211
49,833	28,780	28,185
50,000	28,593	28,150
50,167	28,958	28,113
50,333	28,607	28,082
50,500	28,434	28,061
50,667	28,454	28,054
50,833	28,651	28,057
51,000	29,250	28,073
51,167	28,740	28,102
51,333	28,036	28,142
51,500	28,680	28,190
51,667	26,769	28,241
51,833	27,110	28,285
52,000	29,347	28,316
52,167	26,708	28,333
52,333	28,427	28,336
52,500	27,554	28,326
52,667	28,022	28,305
52,833	27,950	28,274
53,000	28,699	28,237
53,167	28,663	28,200
53,333	28,060	28,167
53,500	28,646	28,141
53,667	27,395	28,122
53,833	28,598	28,110
54,000	28,878	28,103
54,167	25,734	28,100
54,333	28,424	28,098
54,500	28,719	28,090
54,667	28,126	28,081
54,833	28,701	28,074
55,000	28,572	28,072
55,167	28,681	28,077
55,333	27,932	28,089
55,500	28,393	28,109
55,667	28,362	28,132
55,833	28,668	28,158
56,000	28,674	28,186
56,167	28,009	28,218
56,333	28,532	28,250
56,500	26,044	28,279
56,667	28,595	28,298
56,833	28,558	28,305
57,000	26,216	28,301
57,167	27,721	28,284
57,333	28,376	28,253
57,500	28,386	28,211
57,667	28,706	28,167
57,833	28,454	28,126
58,000	26,788	28,092
58,167	29,467	28,065
58,333	25,791	28,041
58,500	27,920	28,018
58,667	28,586	27,993
58,833	28,960	27,968
59,000	29,117	27,951
59,167	29,261	27,947
59,333	28,999	27,963
59,500	28,651	27,997
59,667	29,099	28,049
59,833	28,966	28,115
60,000	27,780	28,191
60,167	27,922	28,271
60,333	28,784	28,346
60,500	28,477	28,413
60,667	28,288	28,470
60,833	26,198	28,515
61,000	29,007	28,541
61,167	25,871	28,547
61,333	26,854	28,527
61,500	29,142	28,481
61,667	29,489	28,418
61,833	26,266	28,348
62,000	28,059	28,276
62,167	28,305	28,204
62,333	27,631	28,132
62,500	27,897	28,066
62,667	27,890	28,006
62,833	27,163	27,952
63,000	28,644	27,903
63,167	27,698	27,862
63,333	28,383	27,830
63,500	25,883	27,806
63,667	27,318	27,784
63,833	28,013	27,760
64,000	27,023	27,733
64,167	28,096	27,704
64,333	27,807	27,676
64,500	25,856	27,649
64,667	28,537	27,622
64,833	28,282	27,595
65,000	28,859	27,573
65,167	28,532	27,565
65,333	28,162	27,573
65,500	29,131	27,598
65,667	29,040	27,641
65,833	29,166	27,704
66,000	26,990	27,783
66,167	26,251	27,869
66,333	29,342	27,949
66,500	28,577	28,019
66,667	28,909	28,082
66,833	27,087	28,140
67,000	26,406	28,189
67,167	29,128	28,222
67,333	28,755	28,239
67,500	26,181	28,245
67,667	28,429	28,239
67,833	28,323	28,222
68,000	29,329	28,199
68,167	26,993	28,175
68,333	28,488	28,153
68,500	28,730	28,133
68,667	28,011	28,118
68,833	29,271	28,109
69,000	28,670	28,109
69,167	28,728	28,121
69,333	29,174	28,144
69,500	28,916	28,180
69,667	28,252	28,227
69,833	28,886	28,281
70,000	29,302	28,339
70,167	28,686	28,402
70,333	28,980	28,466
70,500	28,598	28,531
70,667	27,952	28,592
70,833	26,507	28,644
71,000	28,602	28,678
71,167	27,456	28,690
71,333	27,465	28,679
71,500	29,262	28,648
71,667	28,735	28,603
71,833	28,235	28,553
72,000	26,109	28,500
72,167	29,277	28,443
72,333	26,935	28,382
72,500	28,664	28,318
72,667	28,627	28,255
72,833	26,111	28,195
73,000	27,136	28,138
73,167	28,669	28,077
73,333	26,333	28,014
73,500	29,089	27,952
73,667	28,713	27,893
73,833	26,827	27,845
74,000	26,370	27,806
74,167	28,387	27,770
74,333	28,743	27,737
74,500	28,723	27,712
74,667	28,507	27,701
74,833	27,738	27,706
75,000	28,270	27,726
75,167	28,863	27,756
75,333	28,582	27,798
75,500	27,988	27,850
75,667	29,359	27,909
75,833	28,992	27,976
76,000	26,750	28,049
76,167	27,961	28,120
76,333	28,146	28,183
76,500	28,930	28,234
76,667	28,174	28,275
76,833	26,378	28,307
77,000	28,975	28,326
77,167	28,715	28,332
77,333	28,584	28,330
77,500	27,596	28,324
77,667	26,617	28,314
77,833	26,637	28,294
78,000	26,384	28,257
78,167	28,397	28,199
78,333	28,851	28,127
78,500	29,048	28,052
78,667	28,757	27,986
78,833	29,114	27,938
79,000	27,035	27,911
79,167	28,920	27,902
79,333	27,423	27,906
79,500	28,538	27,921
79,667	27,356	27,941
79,833	27,911	27,964
80,000	27,820	27,986
80,167	28,074	28,003
80,333	28,709	28,018
80,500	28,985	28,032
80,667	29,108	28,050
80,833	28,668	28,077
81,000	28,254	28,114
81,167	28,679	28,157
81,333	28,927	28,206
81,500	28,713	28,257
81,667	28,847	28,312
81,833	28,744	28,369
82,000	28,701	28,426
82,167	28,535	28,482
82,333	28,385	28,534
82,500	28,330	28,580
82,667	29,052	28,617
82,833	28,207	28,646
83,000	26,676	28,666
83,167	29,040	28,672
83,333	28,763	28,663
83,500	28,817	28,645
83,667	27,609	28,623
83,833	26,717	28,595
84,000	27,525	28,556
84,167	28,870	28,504
84,333	26,170	28,442
84,500	27,829	28,370
84,667	28,989	28,290
84,833	28,103	28,209
85,000	28,697	28,134
85,167	27,313	28,071
85,333	28,932	28,019
85,500	28,986	27,981
85,667	28,786	27,960
85,833	28,897	27,959
86,000	27,948	27,977
86,167	26,881	28,008
86,333	28,638	28,044
86,500	28,303	28,079
86,667	26,512	28,111
86,833	28,195	28,136
87,000	28,038	28,149
87,167	26,362	28,151
87,333	28,108	28,139
87,500	29,197	28,116
87,667	26,897	28,086
87,833	26,965	28,053
88,000	28,099	28,016
88,167	26,620	27,972
88,333	27,742	27,922
88,500	27,655	27,868
88,667	26,544	27,812
88,833	28,806	27,754
89,000	28,264	27,700
89,167	28,836	27,656
89,333	26,779	27,627
89,500	26,903	27,611
89,667	27,330	27,601
89,833	27,460	27,592
90,000	28,876	27,584
90,167	29,164	27,581
90,333	28,997	27,592
90,500	27,434	27,620
90,667	28,516	27,663
90,833	28,655	27,717
91,000	28,987	27,781
91,167	29,099	27,854
91,333	26,400	27,935
91,500	28,837	28,016
91,667	28,691	28,091
91,833	26,793	28,158
92,000	27,809	28,213
92,167	27,632	28,252
92,333	28,321	28,272
92,500	28,857	28,278
92,667	28,761	28,275
92,833	28,539	28,270
93,000	28,796	28,268
93,167	28,352	28,269
93,333	28,114	28,276
93,500	28,206	28,285
93,667	28,983	28,295
93,833	28,455	28,307
94,000	26,403	28,320
94,167	27,138	28,327
94,333	28,513	28,321
94,500	26,686	28,301
94,667	28,089	28,268
94,833	28,262	28,224
95,000	27,500	28,172
95,167	27,162	28,118
95,333	28,480	28,060
95,500	28,705	28,004
95,667	28,231	27,954
95,833	28,760	27,917
96,000	28,988	27,896
96,167	28,985	27,893
96,333	28,080	27,909
96,500	28,175	27,942
96,667	28,643	27,987
96,833	27,971	28,038
97,000	28,814	28,093
97,167	27,750	28,148
97,333	26,848	28,199
97,500	28,861	28,240
97,667	27,662	28,268
97,833	29,127	28,286
98,000	28,575	28,297
98,167	27,073	28,304
98,333	28,110	28,306
98,500	28,688	28,301
98,667	28,831	28,291
98,833	26,444	28,280
99,000	26,476	28,264
99,167	28,562	28,237
99,333	28,978	28,198
99,500	28,931	28,158
99,667	28,971	28,124
99,833	26,921	28,101
100,000	27,150	28,087
100,167	26,512	28,071
100,333	28,801	28,050
100,500	28,912	28,023
100,667	28,664	27,998
100,833	28,219	27,983
101,000	28,288	27,977
101,167	28,719	27,982
101,333	28,845	27,997
101,500	28,234	28,023
101,667	28,252	28,058
101,833	28,862	28,099
102,000	28,369	28,144
102,167	27,643	28,191
102,333	27,170	28,235
102,500	28,619	28,270
102,667	28,360	28,293
102,833	28,304	28,308
103,000	27,370	28,315
103,167	29,177	28,316
103,333	28,328	28,311
103,500	27,463	28,304
103,667	28,013	28,295
103,833	28,739	28,282
104,000	27,712	28,266
104,167	28,450	28,250
104,333	28,861	28,234
104,500	27,288	28,220
104,667	27,189	28,208
104,833	28,722	28,193
105,000	28,995	28,175
105,167	28,655	28,161
105,333	29,219	28,155
105,500	28,731	28,160
105,667	28,377	28,178
105,833	27,688	28,206
106,000	27,235	28,236
106,167	28,730	28,263
106,333	28,422	28,284
106,500	27,239	28,298
106,667	28,632	28,306
106,833	27,554	28,306
107,000	27,727	28,299
107,167	26,961	28,282
107,333	28,107	28,254
107,500	27,770	28,215
107,667	28,246	28,170
107,833	28,545	28,123
108,000	28,265	28,078
108,167	28,279	28,041
108,333	29,074	28,014
108,500	28,768	28,001
108,667	27,928	28,002
108,833	28,779	28,016
109,000	27,781	28,041
109,167	27,169	28,071
109,333	28,997	28,101
109,500	26,867	28,128
109,667	27,343	28,147
109,833	27,386	28,154
110,000	28,125	28,148
110,167	27,933	28,129
110,333	28,747	28,104
110,500	27,548	28,076
110,667	28,331	28,049
110,833	27,468	28,024
111,000	28,069	28,001
111,167	27,061	27,979
111,333	27,539	27,956
111,500	27,720	27,929
111,667	27,356	27,900
111,833	27,479	27,868
112,000	28,482	27,833
112,167	28,681	27,801
112,333	28,794	27,778
112,500	28,632	27,769
112,667	28,470	27,777
112,833	28,600	27,801
113,000	28,535	27,841
113,167	27,881	27,892
113,333	27,279	27,949
113,500	28,755	28,006
113,667	28,099	28,058
113,833	27,675	28,106
114,000	28,242	28,146
114,167	27,445	28,176
114,333	28,940	28,197
114,500	27,345	28,210
114,667	26,970	28,213
114,833	27,416	28,205
115,000	28,102	28,182
115,167	28,216	28,149
115,333	28,058	28,109
115,500	27,018	28,068
115,667	27,124	28,024
115,833	28,819	27,978
116,000	27,462	27,931
116,167	27,288	27,886
116,333	28,865	27,846
116,500	28,012	27,812
116,667	28,602	27,788
116,833	28,193	27,777
117,000	27,780	27,778
117,167	28,692	27,791
117,333	28,422	27,814
117,500	27,525	27,845
117,667	28,433	27,883
117,833	27,309	27,922
118,000	28,467	27,959
118,167	27,330	27,993
118,333	28,235	28,020
118,500	27,196	28,040
118,667	29,132	28,052
118,833	28,049	28,059
119,000	27,525	28,064
119,167	28,727	28,067
119,333	27,869	28,069
119,500	28,259	28,071
119,667	27,980	28,074
119,833	28,385	28,077
120,000	28,644	28,081
120,167	28,797	28,089
120,333	29,023	28,103
120,500	27,891	28,126
120,667	26,999	28,154
120,833	28,691	28,181
121,000	27,982	28,203
121,167	28,706	28,220
121,333	29,026	28,235
121,500	28,968	28,252
121,667	28,141	28,273
121,833	27,272	28,297
122,000	28,579	28,318
122,167	28,814	28,335
122,333	28,317	28,348
122,500	27,802	28,360
122,667	28,283	28,367
122,833	27,401	28,369
123,000	27,971	28,364
123,167	26,949	28,348
123,333	27,163	28,320
123,500	28,685	28,279
123,667	27,533	28,227
123,833	28,628	28,172
124,000	27,083	28,116
124,167	28,397	28,062
124,333	28,048	28,011
124,500	28,352	27,968
124,667	28,137	27,933
124,833	27,782	27,908
125,000	27,951	27,892
125,167	28,792	27,885
125,333	28,773	27,886
125,500	28,526	27,899
125,667	28,018	27,925
125,833	27,972	27,959
126,000	28,928	27,998
126,167	28,874	28,042
126,333	27,852	28,090
126,500	27,708	28,139
126,667	27,692	28,185
126,833	27,460	28,221
127,000	26,946	28,243
127,167	27,606	28,247
127,333	28,453	28,233
127,500	27,312	28,205
127,667	27,750	28,167
127,833	28,162	28,122
128,000	28,454	28,073
128,167	28,573	28,028
128,333	27,680	27,989
128,500	27,761	27,959
128,667	28,060	27,936
128,833	27,106	27,918
129,000	27,183	27,901
129,167	27,749	27,883
129,333	27,439	27,861
129,500	28,828	27,837
129,667	28,094	27,815
129,833	27,588	27,799
130,000	28,542	27,790
130,167	27,597	27,788
130,333	28,198	27,792
130,500	27,048	27,801
130,667	27,599	27,810
130,833	27,704	27,817
131,000	27,464	27,821
131,167	28,077	27,819
131,333	28,536	27,816
131,500	28,486	27,814
131,667	28,869	27,819
131,833	28,420	27,833
132,000	27,333	27,858
132,167	27,956	27,889
132,333	27,244	27,921
132,500	28,507	27,949
132,667	28,317	27,973
132,833	27,669	27,994
133,000	28,923	28,012
133,167	27,340	28,030
133,333	27,350	28,045
133,500	28,171	28,054
133,667	27,583	28,056
133,833	28,133	28,052
134,000	27,794	28,042
134,167	27,366	28,029
134,333	28,142	28,011
134,500	28,529	27,990
134,667	27,325	27,970
134,833	28,397	27,952
135,000	27,329	27,935
135,167	29,034	27,921
135,333	27,282	27,911
135,500	27,640	27,905
135,667	28,285	27,901
135,833	27,619	27,897
136,000	28,641	27,896
136,167	27,552	27,896
136,333	27,251	27,899
136,500	28,180	27,901
136,667	27,903	27,901
136,833	28,080	27,900
137,000	28,116	27,899
137,167	27,429	27,900
137,333	28,673	27,901
137,500	27,559	27,903
137,667	27,911	27,907
137,833	27,600	27,911
138,000	28,118	27,913
138,167	28,121	27,915
138,333	27,862	27,917
138,500	28,960	27,920
138,667	27,836	27,926
138,833	28,385	27,938
139,000	27,737	27,954
139,167	27,743	27,972
139,333	28,077	27,989
139,500	27,593	28,003
139,667	27,717	28,014
139,833	27,920	28,018
140,000	27,459	28,017
140,167	27,124	28,009
140,333	27,930	27,993
140,500	27,669	27,969
140,667	28,827	27,940
140,833	28,628	27,914
141,000	28,682	27,895
141,167	28,695	27,888
141,333	28,518	27,896
141,500	29,109	27,918
141,667	27,479	27,954
141,833	28,672	28,000
142,000	27,593	28,050
142,167	28,314	28,100
142,333	29,102	28,147
142,500	28,560	28,191
142,667	27,933	28,235
142,833	27,817	28,275
143,000	27,040	28,308
143,167	28,406	28,328
143,333	28,484	28,335
143,500	28,035	28,331
143,667	27,886	28,320
143,833	27,552	28,303
144,000	28,207	28,279
144,167	28,848	28,250
144,333	27,694	28,220
144,500	27,017	28,191
144,667	28,741	28,160
144,833	28,709	28,129
145,000	28,182	28,103
145,167	27,667	28,083
145,333	27,681	28,069
145,500	27,433	28,056
145,667	27,803	28,041
145,833	28,250	28,024
146,000	28,366	28,007
146,167	28,453	27,991
146,333	28,376	27,982
146,500	27,658	27,980
146,667	27,816	27,982
146,833	27,720	27,987
147,000	27,866	27,991
147,167	27,336	27,993
147,333	27,496	27,989
147,500	28,203	27,980
147,667	28,297	27,966
147,833	28,030	27,952
148,000	28,688	27,940
148,167	28,713	27,934
148,333	27,323	27,936
148,500	28,613	27,945
148,667	28,540	27,960
148,833	28,266	27,981
149,000	27,789	28,006
149,167	28,303	28,034
149,333	27,820	28,062
149,500	28,228	28,088
149,667	27,446	28,110
149,833	28,414	28,127
150,000	28,110	28,137
150,167	28,750	28,144
150,333	28,242	28,150
150,500	28,320	28,156
150,667	27,771	28,164
150,833	28,779	28,172
151,000	28,608	28,180
151,167	28,984	28,192
151,333	28,368	28,209
151,500	28,596	28,232
151,667	28,801	28,260
151,833	28,717	28,292
152,000	28,020	28,328
152,167	27,709	28,363
152,333	27,570	28,393
152,500	28,305	28,412
152,667	27,953	28,419
152,833	27,507	28,415
153,000	27,957	28,399
153,167	27,824	28,371
153,333	28,341	28,334
153,500	28,155	28,292
153,667	28,749	28,249
153,833	27,474	28,209
154,000	27,424	28,172
154,167	28,442	28,136
154,333	27,973	28,101
154,500	27,583	28,070
154,667	28,470	28,041
154,833	28,454	28,017
155,000	27,458	27,998
155,167	28,515	27,986
155,333	27,517	27,978
155,500	28,508	27,974
155,667	27,537	27,973
155,833	28,772	27,975
156,000	28,337	27,980
156,167	28,503	27,991
156,333	27,475	28,007
156,500	27,889	28,025
156,667	28,679	28,043
156,833	28,568	28,061
157,000	28,576	28,081
157,167	28,511	28,105
157,333	27,594	28,133
157,500	28,347	28,160
157,667	27,394	28,185
157,833	27,785	28,203
158,000	27,667	28,212
158,167	28,321	28,211
158,333	27,462	28,201
158,500	27,577	28,183
158,667	28,995	28,158
158,833	27,816	28,130
159,000	27,464	28,102
159,167	27,980	28,075
159,333	28,797	28,048
159,500	27,887	28,024
159,667	28,384	28,006
159,833	28,856	27,996
160,000	28,843	27,995
160,167	27,830	28,006
160,333	27,495	28,025
160,500	28,101	28,049
160,667	28,805	28,072
160,833	28,588	28,095
161,000	28,778	28,121
161,167	28,906	28,152
161,333	28,395	28,188
161,500	28,457	28,228
161,667	27,823	28,270
161,833	27,947	28,310
162,000	27,979	28,342
162,167	28,564	28,366
162,333	28,259	28,380
162,500	28,646	28,388
162,667	28,115	28,391
162,833	27,306	28,390
163,000	28,693	28,383
163,167	27,649	28,369
163,333	28,467	28,349
163,500	27,643	28,325
163,667	28,878	28,299
163,833	28,421	28,272
164,000	27,918	28,249
164,167	28,309	28,229
164,333	28,294	28,213
164,500	28,227	28,200
164,667	28,674	28,191
164,833	27,483	28,187
165,000	28,620	28,185
165,167	27,451	28,185
165,333	27,611	28,183
165,500	27,410	28,176
165,667	28,650	28,163
165,833	28,589	28,145
166,000	28,348	28,128
166,167	28,526	28,115
166,333	27,834	28,108
166,500	28,322	28,106
166,667	28,544	28,108
166,833	27,348	28,113
167,000	28,584	28,120
167,167	27,467	28,127
167,333	28,130	28,131
167,500	28,461	28,133
167,667	27,915	28,133
167,833	28,054	28,131
168,000	28,128	28,129
168,167	28,538	28,126
168,333	27,287	28,123
168,500	27,735	28,119
168,667	27,596	28,111
168,833	28,551	28,098
169,000	27,722	28,082
169,167	28,641	28,065
169,333	28,669	28,050
169,500	27,274	28,040
169,667	27,621	28,034
169,833	28,864	28,029
170,000	27,793	28,025
170,167	27,866	28,024
170,333	28,431	28,024
170,500	27,955	28,025
170,667	28,404	28,029
170,833	28,281	28,035
171,000	28,301	28,045
171,167	28,285	28,057
171,333	27,582	28,072
171,500	27,462	28,087
171,667	28,567	28,098
171,833	28,516	28,105
172,000	28,232	28,111
172,167	28,364	28,118
172,333	28,431	28,126
172,500	27,581	28,137
172,667	28,381	28,148
172,833	28,337	28,157
173,000	28,172	28,166
173,167	27,988	28,175
173,333	28,655	28,182
173,500	28,730	28,190
173,667	27,833	28,199
173,833	28,784	28,211
174,000	28,399	28,224
174,167	28,252	28,240
174,333	27,915	28,256
174,500	27,745	28,271
174,667	28,412	28,281
174,833	28,759	28,286
175,000	28,394	28,289
175,167	28,539	28,293
175,333	28,030	28,297
175,500	27,701	28,302
175,667	27,927	28,303
175,833	28,004	28,300
176,000	27,548	28,289
176,167	29,109	28,273
176,333	27,809	28,254
176,500	27,490	28,233
176,667	28,300	28,211
176,833	28,657	28,188
177,000	28,408	28,166
177,167	27,963	28,149
177,333	28,420	28,137
177,500	28,440	28,131
177,667	28,288	28,130
177,833	28,176	28,134
178,000	27,948	28,142
178,167	28,557	28,152
178,333	28,957	28,164
178,500	29,304	28,181
178,667	28,920	28,206
178,833	28,758	28,241
179,000	29,459	28,287
179,167	29,446	28,341
179,333	29,868	28,407
179,500	29,577	28,484
179,667	30,517	28,574
179,833	30,607	28,677
180,000	31,098	28,796
180,167	31,789	28,933
180,333	31,869	29,091
180,500	31,719	29,272
180,667	31,688	29,475
180,833	32,220	29,696
181,000	32,974	29,932
181,167	32,982	30,180
181,333	33,678	30,441
181,500	33,546	30,715
181,667	33,258	30,999
181,833	34,141	31,290
182,000	33,938	31,583
182,167	34,481	31,877
182,333	34,708	32,168
182,500	35,136	32,457
182,667	35,139	32,743
182,833	34,881	33,025
183,000	35,121	33,299
183,167	35,381	33,565
183,333	35,966	33,819
183,500	36,026	34,062
183,667	36,421	34,295
183,833	36,340	34,521
184,000	36,645	34,741
184,167	37,380	34,956
184,333	37,540	35,168
184,500	37,288	35,380
184,667	37,714	35,593
184,833	38,154	35,808
185,000	37,826	36,024
185,167	37,978	36,242
185,333	38,965	36,459
185,500	39,019	36,676
185,667	39,314	36,895
185,833	39,833	37,118
186,000	39,580	37,347
186,167	38,928	37,580
186,333	39,382	37,814
186,500	40,110	38,044
186,667	40,404	38,268
186,833	40,389	38,488
187,000	40,392	38,703
187,167	41,513	38,916
187,333	41,014	39,126
187,500	41,011	39,336
187,667	40,877	39,545
187,833	41,663	39,749
188,000	41,696	39,949
188,167	41,918	40,144
188,333	42,263	40,337
188,500	42,744	40,527
188,667	42,355	40,718
188,833	42,317	40,909
189,000	43,167	41,099
189,167	42,838	41,288
189,333	43,884	41,477
189,500	43,497	41,666
189,667	43,232	41,857
189,833	43,520	42,048
190,000	44,171	42,238
190,167	44,171	42,425
190,333	44,008	42,610
190,500	44,478	42,793
190,667	44,809	42,973
190,833	45,349	43,152
191,000	45,717	43,333
191,167	45,454	43,519
191,333	45,301	43,709
191,500	45,701	43,904
191,667	46,117	44,101
191,833	46,300	44,299
192,000	46,288	44,498
192,167	46,271	44,698
192,333	46,143	44,896
192,500	46,346	45,091
192,667	46,763	45,279
192,833	47,242	45,459
193,000	46,991	45,633
193,167	47,243	45,802
193,333	47,710	45,968
193,500	47,791	46,130
193,667	47,420	46,291
193,833	48,217	46,451
194,000	48,525	46,610
194,167	48,697	46,771
194,333	48,458	46,935
194,500	48,721	47,102
194,667	49,288	47,272
194,833	48,776	47,445
195,000	48,894	47,620
195,167	49,502	47,794
195,333	49,665	47,966
195,500	50,423	48,138
195,667	49,842	48,311
195,833	50,589	48,488
196,000	50,326	48,668
196,167	51,035	48,851
196,333	50,643	49,038
196,500	51,033	49,228
196,667	50,939	49,419
196,833	51,111	49,609
197,000	51,718	49,798
197,167	51,607	49,985
197,333	52,147	50,170
197,500	52,402	50,354
197,667	51,839	50,540
197,833	52,069	50,725
198,000	52,469	50,907
198,167	52,570	51,086
198,333	52,382	51,260
198,500	52,628	51,428
198,667	53,344	51,591
198,833	52,708	51,748
199,000	53,061	51,900
199,167	52,883	52,047
199,333	53,470	52,187
199,500	54,108	52,322
199,667	53,549	52,453
199,833	53,834	52,584
200,000	54,218	52,715
200,167	53,966	52,846
200,333	54,549	52,978
200,500	54,677	53,112
200,667	54,445	53,248
200,833	55,283	53,387
201,000	54,759	53,530
201,167	54,879	53,675
201,333	55,417	53,823
201,500	55,140	53,971
201,667	55,600	54,119
201,833	55,747	54,267
202,000	55,394	54,415
202,167	55,517	54,562
202,333	56,758	54,705
202,500	55,930	54,847
202,667	55,644	54,988
202,833	56,406	55,127
203,000	56,253	55,261
203,167	56,416	55,391
203,333	56,828	55,516
203,500	57,207	55,639
203,667	57,055	55,762
203,833	57,025	55,886
204,000	57,244	56,012
204,167	57,344	56,139
204,333	57,100	56,266
204,500	57,495	56,392
204,667	57,913	56,516
204,833	57,617	56,640
205,000	58,324	56,762
205,167	58,254	56,886
205,333	58,322	57,011
205,500	58,416	57,139
205,667	58,705	57,270
205,833	58,794	57,403
206,000	59,011	57,538
206,167	58,849	57,677
206,333	59,354	57,817
206,500	59,031	57,958
206,667	59,006	58,100
206,833	59,643	58,240
207,000	59,390	58,377
207,167	59,434	58,511
207,333	59,953	58,642
207,500	59,885	58,769
207,667	60,109	58,894
207,833	60,167	59,017
208,000	60,459	59,139
208,167	60,485	59,260
208,333	60,121	59,382
208,500	60,282	59,503
208,667	60,288	59,621
208,833	60,573	59,734
209,000	61,100	59,841
209,167	61,141	59,945
209,333	61,577	60,048
209,500	61,172	60,154
209,667	61,395	60,262
209,833	61,885	60,374
210,000	61,392	60,489
210,167	61,615	60,607
210,333	62,060	60,727
210,500	62,053	60,847
210,667	62,278	60,969
210,833	62,777	61,093
211,000	62,492	61,221
211,167	63,052	61,352
211,333	62,422	61,488
211,500	62,958	61,627
211,667	63,013	61,767
211,833	62,931	61,906
212,000	63,064	62,045
212,167	63,098	62,180
212,333	63,703	62,311
212,500	62,954	62,438
212,667	63,179	62,560
212,833	63,030	62,675
213,000	63,747	62,782
213,167	63,770	62,880
213,333	63,768	62,971
213,500	63,752	63,059
213,667	64,160	63,143
213,833	64,322	63,226
214,000	64,514	63,310
214,167	64,711	63,397
214,333	64,357	63,489
214,500	65,001	63,586
214,667	64,665	63,688
214,833	64,834	63,795
215,000	64,395	63,905
215,167	64,652	64,014
215,333	65,273	64,121
215,500	65,103	64,225
215,667	64,610	64,326
215,833	65,124	64,422
216,000	65,320	64,514
216,167	65,402	64,601
216,333	65,581	64,684
216,500	65,117	64,765
216,667	65,552	64,844
216,833	65,868	64,921
217,000	65,629	64,995
217,167	66,081	65,070
217,333	66,265	65,146
217,500	65,884	65,224
217,667	65,841	65,304
217,833	66,004	65,386
218,000	65,968	65,467
218,167	66,601	65,546
218,333	66,228	65,624
218,500	66,107	65,700
218,667	66,153	65,776
218,833	66,476	65,847
219,000	66,889	65,916
219,167	66,783	65,983
219,333	66,881	66,051
219,500	66,953	66,121
219,667	67,037	66,193
219,833	67,305	66,269
220,000	67,032	66,347
220,167	67,428	66,429
220,333	67,307	66,513
220,500	67,665	66,600
220,667	67,806	66,689
220,833	67,463	66,782
221,000	67,722	66,876
221,167	67,756	66,971
221,333	67,638	67,066
221,500	67,836	67,159
221,667	68,195	67,249
221,833	68,113	67,337
222,000	67,962	67,422
222,167	68,240	67,506
222,333	68,158	67,587
222,500	68,918	67,667
222,667	68,485	67,745
222,833	68,639	67,825
223,000	68,514	67,905
223,167	68,862	67,986
223,333	68,883	68,068
223,500	69,025	68,150
223,667	69,029	68,232
223,833	69,299	68,316
224,000	69,006	68,401
224,167	69,656	68,486
224,333	69,303	68,573
224,500	69,393	68,661
224,667	69,530	68,750
224,833	69,213	68,837
225,000	69,072	68,922
225,167	69,774	69,003
225,333	69,737	69,077
225,500	69,836	69,148
225,667	70,165	69,216
225,833	69,936	69,284
226,000	69,755	69,352
226,167	70,376	69,420
226,333	70,183	69,488
226,500	70,063	69,558
226,667	70,294	69,627
226,833	70,450	69,697
227,000	70,695	69,767
227,167	70,374	69,838
227,333	70,478	69,911
227,500	70,409	69,983
227,667	70,980	70,054
227,833	70,548	70,124
228,000	70,575	70,192
228,167	70,524	70,259
228,333	71,067	70,322
228,500	71,417	70,383
228,667	71,279	70,444
228,833	71,178	70,507
229,000	71,081	70,572
229,167	70,918	70,640
229,333	71,083	70,706
229,500	71,364	70,770
229,667	71,535	70,832
229,833	71,466	70,892
230,000	71,405	70,952
230,167	71,500	71,011
230,333	71,234	71,068
230,500	71,488	71,123
230,667	71,867	71,176
230,833	71,578	71,226
231,000	71,888	71,275
231,167	71,818	71,323
231,333	71,759	71,371
231,500	72,156	71,420
231,667	72,159	71,470
231,833	72,361	71,522
232,000	72,353	71,578
232,167	72,293	71,638
232,333	72,000	71,701
232,500	72,412	71,766
232,667	72,584	71,832
232,833	72,432	71,898
233,000	72,523	71,964
233,167	72,587	72,031
233,333	72,804	72,096
233,500	72,449	72,161
233,667	72,719	72,224
233,833	72,621	72,286
234,000	72,594	72,344
234,167	72,414	72,398
234,333	73,431	72,448
234,500	73,208	72,495
234,667	72,653	72,541
234,833	73,462	72,588
235,000	72,899	72,636
235,167	73,356	72,685
235,333	73,464	72,735
235,500	73,501	72,787
235,667	73,595	72,842
235,833	73,270	72,901
236,000	73,341	72,962
236,167	73,521	73,023
236,333	73,730	73,083
236,500	73,750	73,143
236,667	73,797	73,202
236,833	73,837	73,262
237,000	73,765	73,322
237,167	73,672	73,381
237,333	73,518	73,439
237,500	74,360	73,493
237,667	73,915	73,545
237,833	74,148	73,596
238,000	73,946	73,645
238,167	74,283	73,694
238,333	74,265	73,742
238,500	73,866	73,790
238,667	74,111	73,837
238,833	73,957	73,882
239,000	74,364	73,923
239,167	74,385	73,961
239,333	73,833	73,996
239,500	74,641	74,029
239,667	74,179	74,060
239,833	74,419	74,090
240,000	74,394	74,118
240,167	74,479	74,146
240,333	74,636	74,175
240,500	74,918	74,204
240,667	74,648	74,236
240,833	74,737	74,272
241,000	74,441	74,310
241,167	74,522	74,351
241,333	74,589	74,390
241,500	74,270	74,428
241,667	74,650	74,462
241,833	74,960	74,492
242,000	74,822	74,519
242,167	74,853	74,545
242,333	74,825	74,570
242,500	75,177	74,596
242,667	74,684	74,623
242,833	74,732	74,652
243,000	75,307	74,680
243,167	75,122	74,709
243,333	75,022	74,739
243,500	75,282	74,771
243,667	75,453	74,805
243,833	75,489	74,843
244,000	75,662	74,885
244,167	75,574	74,931
244,333	75,645	74,983
244,500	75,712	75,040
244,667	75,503	75,101
244,833	75,996	75,164
245,000	75,604	75,229
245,167	75,526	75,294
245,333	75,791	75,358
245,500	75,674	75,419
245,667	75,884	75,476
245,833	76,158	75,529
246,000	75,247	75,579
246,167	75,241	75,623
246,333	75,790	75,660
246,500	75,750	75,689
246,667	76,184	75,710
246,833	76,282	75,727
247,000	75,821	75,743
247,167	75,704	75,760
247,333	76,295	75,777
247,500	76,341	75,794
247,667	76,395	75,815
247,833	76,174	75,839
248,000	76,193	75,869
248,167	76,468	75,902
248,333	76,546	75,938
248,500	76,511	75,979
248,667	76,854	76,023
248,833	76,275	76,072
249,000	76,489	76,124
249,167	76,891	76,177
249,333	76,379	76,231
249,500	76,392	76,284
249,667	76,312	76,334
249,833	76,694	76,379
250,000	76,624	76,419
250,167	76,802	76,454
250,333	76,379	76,486
250,500	76,768	76,514
250,667	76,635	76,538
250,833	76,813	76,560
251,000	76,694	76,579
251,167	76,216	76,596
251,333	76,950	76,611
251,500	76,760	76,622
251,667	76,932	76,633
251,833	77,057	76,644
252,000	77,062	76,656
252,167	77,033	76,672
252,333	76,919	76,692
252,500	77,503	76,715
252,667	77,050	76,743
252,833	77,217	76,776
253,000	76,802	76,812
253,167	77,245	76,850
253,333	77,128	76,888
253,500	77,227	76,925
253,667	77,325	76,961
253,833	77,432	76,997
254,000	77,059	77,033
254,167	77,354	77,067
254,333	77,275	77,100
254,500	77,073	77,131
254,667	77,518	77,159
254,833	77,398	77,184
255,000	77,100	77,208
255,167	77,296	77,229
255,333	77,744	77,248
255,500	77,919	77,265
255,667	77,309	77,285
255,833	77,628	77,306
256,000	77,347	77,329
256,167	77,517	77,353
256,333	77,593	77,376
256,500	77,892	77,399
256,667	77,579	77,423
256,833	77,574	77,447
257,000	78,245	77,472
257,167	77,759	77,498
257,333	77,370	77,527
257,500	77,565	77,556
257,667	78,090	77,583
257,833	78,141	77,610
258,000	78,116	77,637
258,167	77,931	77,666
258,333	78,042	77,697
258,500	78,281	77,730
258,667	78,108	77,766
258,833	78,363	77,803
259,000	78,299	77,843
259,167	78,009	77,885
259,333	78,173	77,927
259,500	78,067	77,968
259,667	78,099	78,007
259,833	78,434	78,043
260,000	78,383	78,075
260,167	78,499	78,106
260,333	78,339	78,136
260,500	78,222	78,165
260,667	78,665	78,193
260,833	78,321	78,221
261,000	78,610	78,247
261,167	78,376	78,274
261,333	78,232	78,299
261,500	78,443	78,323
261,667	78,414	78,344
261,833	78,410	78,362
262,000	78,839	78,379
262,167	78,595	78,394
262,333	78,301	78,409
262,500	78,546	78,424
262,667	78,782	78,439
262,833	78,916	78,453
263,000	78,810	78,470
263,167	78,641	78,489
263,333	78,529	78,510
263,500	78,735	78,533
263,667	78,624	78,555
263,833	78,662	78,576
264,000	78,762	78,596
264,167	78,753	78,615
264,333	78,996	78,633
264,500	78,912	78,650
264,667	78,772	78,669
264,833	78,791	78,688
265,000	79,070	78,707
265,167	79,078	78,726
265,333	78,717	78,747
265,500	78,976	78,768
265,667	78,760	78,789
265,833	79,480	78,810
266,000	78,781	78,830
266,167	78,706	78,851
266,333	79,070	78,870
266,500	79,071	78,888
266,667	78,977	78,904
266,833	78,833	78,919
267,000	79,212	78,933
267,167	78,952	78,945
267,333	79,460	78,957
267,500	78,995	78,969
267,667	79,186	78,982
267,833	78,878	78,996
268,000	79,050	79,010
268,167	78,965	79,023
268,333	79,364	79,034
268,500	79,028	79,044
268,667	79,154	79,054
268,833	78,741	79,063
269,000	79,314	79,070
269,167	79,444	79,076
269,333	79,140	79,082
269,500	78,978	79,090
269,667	78,853	79,097
269,833	79,233	79,103
270,000	79,485	79,108
270,167	79,724	79,113
270,333	79,398	79,121
270,500	79,348	79,134
270,667	79,583	79,152
270,833	79,269	79,173
271,000	79,458	79,197
271,167	79,723	79,223
271,333	79,855	79,252
271,500	79,896	79,284
271,667	79,548	79,320
271,833	79,679	79,359
272,000	79,228	79,400
272,167	79,620	79,440
272,333	79,667	79,476
272,500	79,605	79,509
272,667	79,659	79,538
272,833	79,352	79,563
273,000	79,604	79,583
273,167	80,022	79,599
273,333	79,320	79,612
273,500	79,758	79,622
273,667	79,549	79,630
273,833	79,510	79,635
274,000	79,667	79,638
274,167	79,706	79,638
274,333	79,642	79,638
274,500	79,607	79,637
274,667	79,547	79,635
274,833	79,721	79,633
275,000	79,745	79,631
275,167	79,823	79,630
275,333	79,590	79,630
275,500	79,838	79,632
275,667	80,135	79,636
275,833	79,820	79,644
276,000	80,151	79,655
276,167	79,703	79,671
276,333	80,249	79,691
276,500	79,730	79,714
276,667	80,197	79,739
276,833	79,999	79,767
277,000	79,811	79,796
277,167	79,629	79,824
277,333	79,839	79,850
277,500	80,062	79,873
277,667	79,769	79,891
277,833	80,012	79,905
278,000	80,295	79,917
278,167	79,855	79,927
278,333	80,173	79,936
278,500	79,978	79,946
278,667	80,156	79,955
278,833	80,315	79,965
279,000	80,317	79,976
279,167	79,798	79,990
279,333	79,908	80,005
279,500	80,165	80,019
279,667	79,880	80,032
279,833	79,816	80,042
280,000	80,124	80,049
280,167	79,816	80,053
280,333	80,377	80,053
280,500	80,115	80,053
280,667	80,382	80,052
280,833	79,951	80,053
281,000	79,914	80,056
281,167	80,606	80,059
281,333	80,250	80,064
281,500	80,143	80,072
281,667	80,398	80,082
281,833	80,639	80,096
282,000	80,390	80,113
282,167	80,429	80,134
282,333	80,629	80,159
282,500	80,287	80,187
282,667	80,219	80,217
282,833	80,350	80,247
283,000	80,396	80,275
283,167	80,281	80,301
283,333	80,602	80,324
283,500	80,392	80,344
283,667	80,794	80,363
283,833	80,551	80,381
284,000	80,837	80,399
284,167	80,351	80,418
284,333	80,580	80,437
284,500	80,647	80,457
284,667	80,266	80,475
284,833	80,552	80,492
285,000	80,469	80,507
285,167	80,127	80,518
285,333	80,955	80,525
285,500	80,879	80,530
285,667	80,624	80,534
285,833	80,514	80,540
286,000	80,633	80,547
286,167	80,459	80,554
286,333	80,559	80,561
286,500	80,001	80,566
286,667	80,716	80,569
286,833	80,605	80,568
287,000	80,660	80,565
287,167	80,534	80,562
287,333	80,593	80,558
287,500	80,753	80,556
287,667	80,766	80,554
287,833	81,110	80,556
288,000	81,012	80,562
288,167	81,182	80,574
288,333	81,115	80,593
288,500	80,822	80,619
288,667	80,943	80,651
288,833	80,825	80,687
289,000	80,831	80,724
289,167	80,946	80,760
289,333	80,589	80,794
289,500	81,272	80,824
289,667	80,734	80,851
289,833	80,653	80,874
290,000	80,397	80,892
290,167	80,994	80,903
290,333	80,978	80,907
290,500	80,973	80,907
290,667	80,976	80,905
290,833	80,799	80,901
291,000	81,294	80,897
291,167	80,633	80,895
291,333	81,026	80,893
291,500	80,831	80,892
291,667	80,999	80,892
291,833	81,009	80,893
292,000	81,021	80,894
292,167	80,939	80,898
292,333	81,157	80,903
292,500	80,907	80,909
292,667	80,759	80,917
292,833	80,696	80,924
293,000	80,808	80,930
293,167	81,172	80,933
293,333	81,071	80,935
293,500	81,205	80,936
293,667	80,599	80,939
293,833	80,697	80,941
294,000	80,797	80,942
294,167	80,861	80,940
294,333	80,744	80,936
294,500	80,946	80,929
294,667	81,402	80,921
294,833	81,410	80,915
295,000	81,184	80,913
295,167	80,802	80,917
295,333	81,555	80,925
295,500	81,233	80,939
295,667	81,261	80,957
295,833	81,147	80,979
296,000	81,499	81,005
296,167	81,162	81,033
296,333	81,175	81,064
296,500	80,732	81,093
296,667	81,371	81,121
296,833	80,975	81,144
297,000	80,786	81,162
297,167	81,439	81,175
297,333	80,895	81,183
297,500	80,958	81,185
297,667	80,782	81,183
297,833	81,552	81,177
298,000	81,411	81,167
298,167	81,119	81,158
298,333	81,277	81,150
298,500	81,291	81,145
298,667	81,501	81,143
298,833	81,730	81,146
299,000	81,378	81,153
299,167	81,300	81,167
299,333	81,382	81,185
299,500	81,261	81,207
299,667	81,556	81,230
299,833	81,284	81,253
300,000	81,232	81,277
300,167	81,201	81,298
300,333	81,489	81,317
300,500	80,864	81,332
300,667	81,114	81,343
300,833	81,209	81,348
301,000	81,414	81,348
301,167	81,132	81,343
301,333	81,448	81,335
301,500	81,007	81,326
301,667	81,521	81,315
301,833	81,508	81,305
302,000	81,220	81,296
302,167	81,300	81,289
302,333	81,118	81,284
302,500	81,153	81,280
302,667	81,522	81,276
302,833	81,408	81,273
303,000	81,092	81,271
303,167	81,329	81,271
303,333	81,236	81,272
303,500	81,265	81,272
303,667	80,890	81,273
303,833	81,280	81,272
304,000	81,015	81,269
304,167	81,104	81,263
304,333	81,084	81,255
304,500	81,372	81,245
304,667	81,611	81,234
304,833	81,082	81,225
305,000	81,248	81,218
305,167	81,183	81,214
305,333	81,231	81,211
305,500	81,207	81,209
305,667	81,228	81,208
305,833	81,623	81,209
306,000	81,607	81,211
306,167	81,630	81,218
306,333	81,388	81,230
306,500	81,575	81,247
306,667	81,308	81,267
306,833	81,887	81,290
307,000	81,280	81,315
307,167	81,495	81,342
307,333	81,306	81,368
307,500	81,804	81,394
307,667	81,268	81,417
307,833	81,718	81,439
308,000	81,686	81,458
308,167	81,297	81,477
308,333	81,484	81,493
308,500	81,778	81,507
308,667	81,297	81,519
308,833	81,637	81,528
309,000	81,081	81,535
309,167	81,479	81,539
309,333	81,169	81,538
309,500	81,394	81,533
309,667	81,459	81,524
309,833	81,125	81,511
310,000	82,016	81,496
310,167	81,182	81,481
310,333	81,782	81,467
310,500	81,461	81,456
310,667	81,666	81,448
310,833	81,523	81,443
311,000	81,496	81,443
311,167	81,514	81,445
311,333	81,325	81,450
311,500	80,961	81,455
311,667	81,763	81,459
311,833	81,422	81,460
312,000	81,709	81,461
312,167	81,242	81,462
312,333	81,061	81,463
312,500	81,611	81,462
312,667	81,411	81,459
312,833	81,666	81,455
313,000	81,333	81,451
313,167	81,145	81,447
313,333	81,745	81,443
313,500	81,393	81,440
313,667	81,237	81,436
313,833	80,912	81,432
314,000	81,661	81,427
314,167	81,703	81,420
314,333	81,429	81,413
314,500	81,721	81,409
314,667	81,118	81,407
314,833	81,615	81,408
315,000	81,379	81,409
315,167	81,675	81,412
315,333	81,441	81,417
315,500	81,524	81,423
315,667	81,916	81,431
315,833	81,562	81,441
316,000	81,493	81,454
316,167	81,738	81,468
316,333	81,598	81,484
316,500	81,599	81,501
316,667	81,179	81,518
316,833	81,691	81,534
317,000	81,676	81,546
317,167	81,534	81,557
317,333	81,378	81,566
317,500	81,467	81,572
317,667	81,276	81,575
317,833	81,647	81,575
318,000	81,716	81,572
318,167	81,252	81,567
318,333	81,379	81,560
318,500	81,246	81,552
318,667	81,533	81,541
318,833	81,437	81,529
319,000	81,644	81,515
319,167	81,902	81,502
319,333	82,058	81,493
319,500	81,557	81,490
319,667	81,418	81,493
319,833	81,358	81,500
320,000	82,115	81,509
320,167	81,461	81,521
320,333	81,844	81,534
320,500	81,615	81,550
320,667	81,596	81,566
320,833	81,656	81,583
321,000	81,544	81,599
321,167	81,958	81,614
321,333	81,924	81,628
321,500	81,908	81,642
321,667	81,187	81,658
321,833	82,206	81,673
322,000	81,834	81,687
322,167	81,422	81,701
322,333	81,956	81,714
322,500	81,861	81,725
322,667	81,412	81,736
322,833	81,686	81,744
323,000	81,724	81,750
323,167	81,639	81,753
323,333	81,731	81,753
323,500	81,924	81,751
323,667	81,983	81,749
323,833	81,966	81,747
324,000	81,706	81,748
324,167	81,614	81,751
324,333	81,939	81,755
324,500	82,035	81,760
324,667	81,854	81,766
324,833	82,019	81,774
325,000	81,473	81,783
325,167	81,820	81,793
325,333	81,403	81,801
325,500	81,653	81,807
325,667	81,840	81,808
325,833	82,080	81,806
326,000	81,821	81,803
326,167	81,403	81,800
326,333	81,551	81,797
326,500	82,054	81,791
326,667	81,605	81,784
326,833	80,896	81,776
327,000	81,546	81,764
327,167	81,077	81,748
327,333	81,569	81,725
327,500	81,928	81,699
327,667	81,285	81,670
327,833	82,162	81,642
328,000	81,188	81,617
328,167	81,793	81,596
328,333	81,788	81,578
328,500	81,400	81,565
328,667	81,527	81,556
328,833	81,245	81,550
329,000	81,680	81,545
329,167	82,066	81,542
329,333	81,661	81,541
329,500	81,680	81,544
329,667	81,594	81,550
329,833	81,631	81,559
330,000	81,899	81,570
330,167	81,672	81,583
330,333	81,539	81,597
330,500	81,813	81,612
330,667	81,987	81,627
330,833	82,036	81,642
331,000	81,826	81,660
331,167	82,083	81,680
331,333	82,070	81,702
331,500	81,845	81,727
331,667	81,524	81,753
331,833	81,648	81,778
332,000	81,755	81,800
332,167	81,190	81,816
332,333	81,325	81,826
332,500	82,136	81,827
332,667	81,712	81,821
332,833	82,164	81,812
333,000	81,289	81,802
333,167	81,787	81,791
333,333	81,645	81,779
333,500	81,506	81,766
333,667	81,412	81,752
333,833	81,780	81,737
334,000	81,990	81,721
334,167	81,692	81,706
334,333	81,530	81,694
334,500	81,723	81,684
334,667	81,887	81,676
334,833	81,756	81,670
335,000	81,758	81,668
335,167	81,353	81,668
335,333	81,844	81,670
335,500	81,887	81,672
335,667	81,804	81,675
335,833	81,891	81,680
336,000	81,461	81,687
336,167	81,991	81,695
336,333	81,658	81,704
336,500	81,405	81,712
336,667	81,759	81,719
336,833	81,403	81,724
337,000	81,656	81,725
337,167	81,309	81,723
337,333	81,517	81,717
337,500	81,707	81,707
337,667	81,866	81,694
337,833	81,761	81,680
338,000	81,640	81,668
338,167	81,726	81,658
338,333	81,692	81,650
338,500	81,943	81,645
338,667	81,343	81,643
338,833	81,392	81,643
339,000	81,361	81,642
339,167	81,808	81,640
339,333	81,740	81,636
339,500	81,729	81,632
339,667	81,786	81,629
339,833	81,402	81,628
340,000	81,073	81,627
340,167	81,957	81,625
340,333	81,393	81,621
340,500	81,745	81,616
340,667	81,894	81,611
340,833	82,061	81,607
341,000	81,876	81,608
341,167	81,796	81,613
341,333	81,515	81,623
341,500	81,909	81,636
341,667	81,574	81,651
341,833	81,558	81,666
342,000	81,564	81,680
342,167	80,904	81,690
342,333	81,606	81,695
342,500	81,720	81,693
342,667	81,315	81,686
342,833	81,041	81,674
343,000	81,714	81,657
343,167	81,454	81,636
343,333	81,584	81,612
343,500	81,494	81,588
343,667	81,536	81,565
343,833	81,680	81,544
344,000	81,665	81,526
344,167	81,285	81,512
344,333	81,481	81,502
344,500	81,329	81,493
344,667	81,582	81,487
344,833	81,620	81,481
345,000	81,595	81,478
345,167	81,898	81,477
345,333	81,652	81,480
345,500	81,611	81,487
345,667	81,259	81,497
345,833	81,094	81,508
346,000	81,205	81,517
346,167	81,136	81,521
346,333	81,777	81,519
346,500	81,376	81,513
346,667	81,596	81,505
346,833	81,301	81,496
347,000	81,570	81,486
347,167	81,427	81,477
347,333	81,333	81,468
347,500	81,757	81,460
347,667	81,829	81,454
347,833	81,421	81,451
348,000	81,009	81,452
348,167	81,985	81,454
348,333	81,215	81,457
348,500	81,650	81,461
348,667	81,283	81,466
348,833	81,300	81,470
349,000	81,837	81,474
349,167	81,316	81,476
349,333	80,924	81,478
349,500	81,802	81,478
349,667	81,676	81,476
349,833	81,321	81,473
350,000	81,588	81,471
350,167	81,419	81,470
350,333	81,063	81,469
350,500	81,216	81,466
350,667	81,590	81,461
350,833	81,798	81,455
351,000	81,453	81,449
351,167	81,350	81,444
351,333	81,958	81,442
351,500	81,457	81,442
351,667	81,581	81,446
351,833	81,561	81,453
352,000	81,581	81,462
352,167	81,482	81,472
352,333	81,406	81,484
352,500	81,178	81,494
352,667	81,799	81,503
352,833	81,531	81,509
353,000	81,631	81,514
353,167	81,360	81,519
353,333	81,905	81,523
353,500	81,512	81,528
353,667	81,382	81,533
353,833	81,824	81,538
354,000	81,401	81,543
354,167	81,571	81,547
354,333	81,505	81,552
354,500	81,126	81,555
354,667	81,252	81,555
354,833	81,505	81,552
355,000	81,727	81,545
355,167	81,124	81,536
355,333	81,238	81,525
355,500	81,102	81,511
355,667	81,310	81,495
355,833	81,539	81,475
356,000	81,479	81,454
356,167	81,632	81,435
356,333	81,300	81,418
356,500	81,621	81,404
356,667	81,511	81,394
356,833	81,402	81,388
357,000	81,851	81,387
357,167	82,107	81,390
357,333	81,675	81,400
357,500	81,230	81,416
357,667	81,193	81,437
357,833	81,637	81,458
358,000	81,563	81,477
358,167	81,139	81,494
358,333	81,528	81,508
358,500	81,838	81,518
358,667	81,492	81,526
358,833	81,360	81,532
359,000	81,116	81,536
359,167	81,616	81,536
359,333	81,353	81,533
359,500	81,470	81,527
359,667	81,400	81,519
359,833	81,575	81,510
360,000	81,242	81,500
360,167	81,061	81,489
360,333	81,499	81,476
360,500	81,662	81,462
360,667	81,556	81,449
360,833	81,374	81,437
361,000	81,691	81,429
361,167	81,591	81,423
361,333	81,780	81,422
361,500	81,253	81,425
361,667	81,488	81,431
361,833	81,335	81,439
362,000	81,542	81,448
362,167	81,646	81,456
362,333	81,763	81,464
362,500	81,222	81,474
362,667	81,399	81,483
362,833	81,501	81,491
363,000	81,282	81,497
363,167	81,730	81,501
363,333	81,722	81,503
363,500	81,201	81,505
363,667	81,436	81,507
363,833	81,534	81,507
364,000	81,642	81,506
364,167	81,516	81,505
364,333	81,814	81,504
364,500	81,381	81,505
364,667	81,431	81,507
364,833	81,797	81,510
365,000	81,397	81,514
365,167	80,829	81,517
365,333	81,737	81,518
365,500	81,258	81,517
365,667	81,616	81,512
365,833	81,369	81,506
366,000	81,785	81,499
366,167	81,450	81,492
366,333	81,318	81,487
366,500	81,431	81,482
366,667	81,181	81,478
366,833	81,210	81,472
367,000	81,464	81,464
367,167	81,046	81,454
367,333	81,139	81,442
367,500	81,095	81,427
367,667	81,734	81,409
367,833	81,409	81,390
368,000	81,383	81,373
368,167	81,534	81,358
368,333	81,891	81,347
368,500	81,208	81,342
368,667	81,605	81,342
368,833	81,513	81,347
369,000	81,274	81,355
369,167	81,092	81,365
369,333	81,446	81,376
369,500	81,428	81,385
369,667	81,012	81,391
369,833	81,634	81,396
370,000	81,403	81,398
370,167	81,299	81,399
370,333	81,568	81,399
370,500	81,109	81,398
370,667	81,239	81,397
370,833	81,011	81,393
371,000	80,962	81,386
371,167	81,428	81,375
371,333	81,182	81,361
371,500	81,893	81,345
371,667	80,968	81,330
371,833	81,169	81,317
372,000	81,946	81,306
372,167	81,146	81,298
372,333	81,380	81,293
372,500	81,201	81,292
372,667	81,551	81,293
372,833	81,156	81,296
373,000	81,405	81,300
373,167	80,975	81,305
373,333	81,695	81,309
373,500	81,250	81,313
373,667	81,611	81,317
373,833	81,277	81,322
374,000	81,007	81,328
374,167	81,510	81,333
374,333	81,313	81,336
374,500	81,240	81,339
374,667	81,268	81,341
374,833	81,138	81,341
375,000	81,631	81,339
375,167	81,085	81,336
375,333	81,094	81,333
375,500	81,256	81,328
375,667	80,967	81,321
375,833	81,341	81,312
376,000	81,069	81,301
376,167	81,371	81,288
376,333	81,239	81,275
376,500	81,343	81,263
376,667	81,280	81,252
376,833	81,107	81,243
377,000	81,084	81,236
377,167	80,787	81,229
377,333	81,048	81,220
377,500	80,822	81,210
377,667	81,336	81,196
377,833	81,119	81,181
378,000	81,322	81,166
378,167	81,071	81,152
378,333	81,093	81,140
378,500	81,491	81,130
378,667	81,223	81,124
378,833	81,223	81,121
379,000	81,490	81,123
379,167	80,700	81,128
379,333	80,767	81,134
379,500	81,402	81,139
379,667	81,061	81,143
379,833	80,942	81,145
380,000	81,026	81,145
380,167	81,286	81,143
380,333	80,910	81,140
380,500	80,828	81,135
380,667	81,519	81,128
380,833	80,969	81,121
381,000	80,866	81,114
381,167	81,039	81,107
381,333	80,996	81,099
381,500	81,477	81,091
381,667	81,010	81,084
381,833	81,181	81,079
382,000	80,947	81,076
382,167	81,037	81,074
382,333	81,327	81,073
382,500	80,923	81,074
382,667	80,828	81,075
382,833	81,095	81,075
383,000	81,501	81,075
383,167	81,118	81,075
383,333	81,473	81,078
383,500	80,834	81,083
383,667	80,978	81,089
383,833	80,863	81,096
384,000	81,238	81,101
384,167	81,307	81,104
384,333	81,162	81,107
384,500	81,320	81,110
384,667	81,012	81,114
384,833	80,545	81,118
385,000	81,238	81,121
385,167	81,090	81,120
385,333	81,017	81,118
385,500	80,986	81,114
385,667	81,196	81,108
385,833	80,841	81,102
386,000	81,129	81,095
386,167	81,049	81,087
386,333	80,701	81,079
386,500	80,876	81,069
386,667	81,047	81,058
386,833	80,936	81,046
387,000	80,568	81,033
387,167	80,920	81,018
387,333	81,075	81,002
387,500	80,857	80,985
387,667	80,884	80,969
387,833	80,870	80,954
388,000	80,833	80,940
388,167	81,166	80,927
388,333	80,866	80,916
388,500	81,028	80,908
388,667	81,055	80,902
388,833	80,656	80,900
389,000	80,935	80,899
389,167	80,977	80,900
389,333	81,444	80,901
389,500	80,709	80,905
389,667	80,822	80,911
389,833	80,967	80,918
390,000	81,016	80,924
390,167	81,336	80,931
390,333	80,661	80,938
390,500	81,041	80,946
390,667	81,235	80,954
390,833	80,799	80,962
391,000	80,575	80,969
391,167	81,099	80,975
391,333	80,905	80,977
391,500	80,653	80,977
391,667	80,924	80,975
391,833	81,151	80,970
392,000	81,144	80,963
392,167	80,887	80,958
392,333	81,160	80,954
392,500	80,802	80,951
392,667	80,758	80,950
392,833	80,841	80,949
393,000	80,889	80,947
393,167	80,609	80,943
393,333	80,421	80,937
393,500	80,932	80,928
393,667	80,947	80,915
393,833	80,706	80,900
394,000	80,434	80,884
394,167	80,904	80,867
394,333	80,954	80,848
394,500	80,619	80,831
394,667	81,178	80,815
